$ANSIBLE_VAULT;1.1;AES256
38353730326262306331663234333734616364396365356562343630396661353935646530343939
6135343165373763366132636439343862653165646362650a373533626136363631633939626135
33383862333030363265306233636639386433393139626366393739343639363638663931363162
6464646465626536300a333238613138353936343162363037613962613834356132363962313731
33383038356439373137613061393433343131623234656433616537306331393732366333643138
38326264386639396534353735393231663164363239343738386233356135363430636234333338
30323731343464323431323139313339646562363265616332353039353634353837626235623537
64303835346236626432326536376239363661363937386436653334643836346664346637313565
30333364633939623237633831303335306633306263313765326638356134373433353366656635
35376630303333613762666362353838376136666236353430313563633063336138666139353736
39333231393731353766396266363838653433363934616133336230363136346464363935346561
30333030303563313762646237656661396264303039343131366235363262386466633763653235
63613362666535313835373561336636313732306439613263323333656435613133666366393533
36653138663732666531626366306466376632326139613835613738323338316364303035383932
32303363636334626439386130396237336630303831303861616233343565323836323037666562
36626464383063633261
